8.131309747695923 482.0
8.640068054199219 524.0
8.768341064453125 513.0
8.90610933303833 513.0
9.025503396987915 505.0
9.138348579406738 513.0
9.247289419174194 505.0
9.363871812820435 496.0
9.47716999053955 499.0
9.582731008529663 462.0
9.687655210494995 472.0
9.809286117553711 533.0
9.929438352584839 514.0
10.046928405761719 506.0
10.168841123580933 524.0
10.28520679473877 505.0
10.405290126800537 510.0
10.537280559539795 528.0
10.65686821937561 501.0
10.766875505447388 520.0
10.879122972488403 509.0
11.013070821762085 500.0
11.134223222732544 519.0
11.254075050354004 504.0
11.372217893600464 512.0
11.48831558227539 518.0
11.611104011535645 494.0
11.73071002960205 517.0
11.858447074890137 520.0
11.980741500854492 508.0
12.099302053451538 515.0
12.22805380821228 520.0
12.345628261566162 496.0
12.462675094604492 527.0
12.580040216445923 506.0
12.696323871612549 515.0
12.811049461364746 519.0
12.926755428314209 514.0
13.039387941360474 522.0
13.15322232246399 518.0
13.291364908218384 495.0
13.41355562210083 518.0
13.534168004989624 512.0
13.64808988571167 504.0
13.765684604644775 524.0
13.880708932876587 511.0
14.000652551651001 505.0
14.121534824371338 522.0
14.237810134887695 503.0
14.353934049606323 512.0
14.47037649154663 515.0
14.594257593154907 495.0
14.708519458770752 522.0
14.822160005569458 517.0
14.94212532043457 501.0
15.061674118041992 518.0
15.17811894416809 513.0
15.297560691833496 511.0
15.415448904037476 519.0
15.532187700271606 496.0
15.648402690887451 515.0
15.766441345214844 519.0
15.88772988319397 501.0
16.00632953643799 522.0
16.12226366996765 508.0
16.234946727752686 499.0
16.345407009124756 516.0
16.456996202468872 516.0
16.5684654712677 507.0
16.675605297088623 515.0
16.780799627304077 504.0
16.88528823852539 508.0
16.998863458633423 518.0
17.10430145263672 498.0
17.209163904190063 515.0
17.31621503829956 511.0
17.429056406021118 500.0
17.54190945625305 530.0
17.662729263305664 506.0
17.781287908554077 505.0
17.89977240562439 524.0
18.015998125076294 510.0
18.134311199188232 511.0
18.24821376800537 519.0
18.365611791610718 509.0
18.481514930725098 524.0
18.60046362876892 518.0
18.720160722732544 490.0
18.84634518623352 520.0
18.97024130821228 504.0
19.092331409454346 505.0
19.216238737106323 532.0
19.33730459213257 506.0
19.45566177368164 518.0
19.572439432144165 519.0
19.675177574157715 499.0
19.784931898117065 515.0
19.894832611083984 514.0
20.004239559173584 502.0
20.112481594085693 519.0
20.23073720932007 507.0
20.343363285064697 506.0
20.450422286987305 517.0
20.560872077941895 503.0
20.670382261276245 515.0
20.783092737197876 518.0
20.893571615219116 494.0
21.002440214157104 526.0
21.120852947235107 516.0
21.240097999572754 506.0
21.36061429977417 515.0
21.479037284851074 509.0
21.593817472457886 510.0
21.710885763168335 517.0
21.825424909591675 506.0
21.940430402755737 510.0
22.05503487586975 523.0
22.169686317443848 494.0
22.285117864608765 512.0
22.402766227722168 517.0
22.51924419403076 494.0
22.63625407218933 525.0
22.761975526809692 503.0
22.881373405456543 505.0
22.99857997894287 535.0
23.106013536453247 498.0
23.214483499526978 523.0
23.32195472717285 521.0
23.430156707763672 497.0
23.55116581916809 514.0
23.659263610839844 511.0
23.76664137840271 506.0
23.873212337493896 521.0
23.981414794921875 510.0
24.08893609046936 504.0
24.20157504081726 516.0
24.313905954360962 506.0
24.421458959579468 529.0
24.54360055923462 516.0
24.65086841583252 508.0
24.760344743728638 521.0
24.8828547000885 509.0
25.005473613739014 500.0
25.124115467071533 528.0
25.24112629890442 519.0
25.355968713760376 504.0
25.474018812179565 522.0
25.590365648269653 501.0
25.704200744628906 517.0
25.818639039993286 518.0
25.933332443237305 495.0
26.050726652145386 536.0
26.156490087509155 515.0
26.26485514640808 504.0
26.372422695159912 518.0
26.478269577026367 513.0
26.582356929779053 507.0
26.68545889854431 520.0
26.789499044418335 502.0
26.897072076797485 506.0
27.00466752052307 511.0
27.1121563911438 501.0
27.216474533081055 518.0
27.32396650314331 511.0
27.43002700805664 495.0
27.5343759059906 539.0
27.64404058456421 504.0
27.752044200897217 507.0
27.860966205596924 514.0
27.96967363357544 506.0
28.081708908081055 512.0
28.190850019454956 514.0
28.301400423049927 507.0
28.410828590393066 520.0
28.52527642250061 513.0
28.631749391555786 502.0
28.741340398788452 520.0
28.84941077232361 502.0
28.95819640159607 507.0
29.068653345108032 516.0
29.177330493927002 503.0
29.308704137802124 516.0
29.434003114700317 519.0
29.566418409347534 501.0
29.691402196884155 521.0
29.812257766723633 507.0
29.95122241973877 500.0
30.061232805252075 513.0
30.16850709915161 504.0
30.27680253982544 500.0
30.384135961532593 518.0
30.496006727218628 499.0
30.605478286743164 515.0
30.71445941925049 517.0
30.826008558273315 496.0
30.938300609588623 515.0
31.049508810043335 514.0
31.16230297088623 513.0
31.274523496627808 509.0
31.385521173477173 513.0
31.49831795692444 506.0
31.60921812057495 522.0
31.725563049316406 505.0
31.84748649597168 516.0
31.96423864364624 521.0
32.07649040222168 502.0
32.18904948234558 515.0
32.30028748512268 511.0
32.41221022605896 495.0
32.52209806442261 526.0
32.637693643569946 505.0
32.756359338760376 521.0
32.884827852249146 524.0
33.04556632041931 502.0
33.16716980934143 510.0
33.28383183479309 513.0
33.39991307258606 501.0
33.51813244819641 522.0
33.634217262268066 511.0
33.7536723613739 499.0
33.87548279762268 518.0
33.99105215072632 510.0
34.10558891296387 508.0
34.221131563186646 525.0
34.33525228500366 510.0
34.449828147888184 519.0
34.56500506401062 520.0
34.68106985092163 505.0
34.79573059082031 516.0
34.91044497489929 517.0
35.0342652797699 503.0
35.14588952064514 526.0
35.26008057594299 517.0
35.375468730926514 499.0
35.485809564590454 516.0
35.598196029663086 512.0
35.71185326576233 512.0
35.82407021522522 526.0
35.94038534164429 494.0
36.0583438873291 525.0
36.172932147979736 503.0
36.29214024543762 494.0
36.41456198692322 519.0
36.53045177459717 508.0
36.646286487579346 505.0
36.762300968170166 514.0
36.88202905654907 506.0
37.00304365158081 512.0
37.11818981170654 518.0
37.23428964614868 499.0
37.35482740402222 525.0
37.471272468566895 516.0
37.58999848365784 500.0
37.70507311820984 523.0
37.82021951675415 505.0
37.93502593040466 512.0
38.04968214035034 525.0
38.1649911403656 504.0
38.28025412559509 502.0
38.39613676071167 513.0
38.51573395729065 505.0
38.63610219955444 514.0
38.75134992599487 509.0
38.86663818359375 499.0
38.9773166179657 517.0
39.08836126327515 512.0
39.19960880279541 508.0
39.31112813949585 517.0
39.42582368850708 507.0
39.539002418518066 511.0
39.650309324264526 520.0
39.761658668518066 510.0
39.87371325492859 522.0
39.98576807975769 508.0
40.098896741867065 501.0
40.21090912818909 521.0
40.321566581726074 510.0
40.430519580841064 500.0
40.53928065299988 519.0
40.6480917930603 495.0
40.75930166244507 511.0
40.871108531951904 519.0
40.98420333862305 498.0
41.09541654586792 523.0
41.208532094955444 511.0
41.32203769683838 508.0
41.43262553215027 515.0
41.5441689491272 504.0
41.65572905540466 514.0
41.7681565284729 518.0
41.88171458244324 499.0
41.99473977088928 519.0
42.10682439804077 520.0
42.22114634513855 508.0
42.33638668060303 518.0
42.45028305053711 500.0
42.56537747383118 508.0
42.67872643470764 512.0
42.79153871536255 500.0
42.906254529953 524.0
43.018412590026855 526.0
43.14112448692322 511.0
43.25624227523804 513.0
43.367302656173706 514.0
43.480896949768066 499.0
43.59541130065918 526.0
43.70786786079407 518.0
43.821812868118286 506.0
43.93764138221741 514.0
44.05156445503235 513.0
44.165436029434204 509.0
44.282987117767334 518.0
44.397615909576416 508.0
44.508312940597534 519.0
44.621235370635986 515.0
44.734236001968384 495.0
44.850133180618286 525.0
44.96528506278992 517.0
45.08296012878418 494.0
45.205451011657715 529.0
45.32918906211853 509.0
45.447819232940674 497.0
45.567222595214844 508.0
45.686569690704346 502.0
45.81632947921753 509.0
45.93905591964722 518.0
46.062628507614136 503.0
46.181230306625366 523.0
46.30053186416626 508.0
46.420632123947144 504.0
46.53629469871521 522.0
46.65450668334961 516.0
46.773038148880005 509.0
46.89386820793152 515.0
47.01368808746338 507.0
47.13431978225708 508.0
47.251381397247314 506.0
47.369170904159546 492.0
47.491841077804565 520.0
47.613062620162964 516.0
47.726401567459106 502.0
47.83976602554321 521.0
47.95192074775696 507.0
48.06211876869202 510.0
48.172927141189575 525.0
48.288630962371826 507.0
48.403831243515015 512.0
48.52027702331543 504.0
48.63684320449829 508.0
48.74968361854553 523.0
48.867116928100586 510.0
48.983240842819214 495.0
49.0971896648407 524.0
49.21138668060303 504.0
49.330623388290405 506.0
49.44764041900635 520.0
49.56214618682861 518.0
49.67862606048584 509.0
49.79685950279236 511.0
49.91662240028381 513.0
50.038174629211426 521.0
50.152629137039185 512.0
50.26630163192749 503.0
50.38209581375122 517.0
50.497859477996826 508.0
50.613617181777954 504.0
50.727444648742676 532.0
50.84521842002869 504.0
50.96211314201355 514.0
51.08214807510376 521.0
51.20336866378784 503.0
51.32664227485657 517.0
51.44212746620178 507.0
51.557239294052124 516.0
51.66891050338745 519.0
51.77914595603943 510.0
51.88970589637756 502.0
52.00265693664551 524.0
52.11705303192139 499.0
52.2308988571167 513.0
52.345624685287476 527.0
52.46535563468933 506.0
52.58128643035889 513.0
52.696101665496826 514.0
52.81126809120178 496.0
52.928388357162476 522.0
53.05006146430969 511.0
53.16729235649109 507.0
53.28412485122681 524.0
53.39766550064087 510.0
53.519662618637085 511.0
53.63792943954468 525.0
53.754600524902344 494.0
53.868544578552246 514.0
53.98269605636597 518.0
54.09934711456299 497.0
54.21828651428223 524.0
54.33295702934265 507.0
54.47319841384888 514.0
54.63276815414429 524.0
54.782565116882324 507.0
54.9015154838562 515.0
55.01759934425354 514.0
55.13450646400452 495.0
55.25209093093872 525.0
55.381556272506714 526.0
55.54685592651367 497.0
55.66071939468384 522.0
55.77631187438965 513.0
55.890220403671265 505.0
56.00562858581543 514.0
56.12128758430481 499.0
56.237913370132446 520.0
56.35225009918213 518.0
56.47197413444519 507.0
56.587461948394775 524.0
56.7046000957489 507.0
56.82564401626587 499.0
56.94154357910156 523.0
57.059749364852905 518.0
57.17488503456116 514.0
57.288588762283325 519.0
57.40785551071167 500.0
57.52329087257385 516.0
57.635568141937256 513.0
57.7478141784668 500.0
57.86164307594299 516.0
57.9747633934021 505.0
58.08653450012207 507.0
58.19992208480835 511.0
58.334619760513306 506.0
58.44919180870056 505.0
58.56232500076294 519.0
58.67638325691223 512.0
58.8042778968811 515.0
58.923035860061646 520.0
59.034619092941284 508.0
59.14376783370972 520.0
59.25365734100342 517.0
59.378753423690796 501.0
59.50149083137512 526.0
59.61479640007019 508.0
59.72903251647949 508.0
59.84384512901306 507.0
59.96185374259949 502.0
60.07677245140076 519.0
60.193686723709106 508.0
60.306405544281006 503.0
60.41648483276367 520.0
60.53044891357422 517.0
60.64680767059326 495.0
60.76410174369812 518.0
60.88428211212158 509.0
61.00240874290466 510.0
61.11854863166809 532.0
61.24029231071472 509.0
61.359534740448 514.0
61.476855516433716 514.0
61.59862995147705 502.0
61.71807646751404 524.0
61.84033226966858 507.0
61.95769166946411 512.0
62.07494878768921 526.0
62.191932678222656 514.0
62.30846357345581 495.0
62.434638261795044 519.0
62.55277180671692 500.0
62.6727614402771 512.0
62.7926664352417 513.0
62.912874937057495 502.0
63.03344416618347 522.0
63.15220546722412 514.0
63.27626705169678 516.0
63.39293313026428 512.0
63.510390758514404 504.0
63.625649213790894 510.0
63.741777420043945 520.0
63.858564376831055 502.0
63.97335386276245 513.0
64.09037232398987 525.0
64.20602321624756 495.0
64.32002449035645 524.0
64.4337010383606 504.0
64.54906272888184 505.0
64.66445517539978 512.0
64.78403639793396 510.0
64.90028786659241 512.0
65.01387643814087 517.0
65.1329824924469 508.0
65.2537488937378 506.0
65.37502431869507 507.0
65.49616694450378 506.0
65.6149833202362 523.0
65.7317385673523 512.0
65.84534096717834 505.0
65.96098256111145 514.0
66.07870125770569 508.0
66.19882249832153 516.0
66.31586265563965 519.0
66.4335606098175 505.0
66.54680466651917 524.0
66.67418193817139 512.0
66.8016984462738 502.0
66.91171550750732 530.0
67.02304935455322 509.0
67.13255715370178 506.0
67.2442901134491 525.0
67.35551071166992 522.0
67.4652144908905 513.0
67.57561135292053 512.0
67.68601703643799 504.0
67.8018810749054 514.0
67.91302394866943 524.0
68.02389740943909 503.0
68.13712692260742 530.0
68.24783873558044 511.0
68.36060190200806 510.0
68.47259593009949 528.0
68.58357310295105 504.0
68.69768857955933 510.0
68.81110906600952 513.0
68.92384552955627 517.0
69.03739666938782 511.0
69.14888310432434 516.0
69.26289677619934 510.0
69.37896633148193 520.0
69.49022054672241 506.0
69.60278296470642 512.0
69.71951174736023 518.0
69.83314609527588 505.0
69.95125412940979 501.0
70.07132816314697 510.0
70.18607568740845 509.0
70.30081009864807 514.0
70.41642045974731 512.0
70.52717113494873 506.0
70.6404275894165 520.0
70.76011276245117 512.0
70.88205027580261 501.0
71.00182318687439 524.0
71.11388945579529 510.0
71.22776293754578 519.0
71.34290409088135 514.0
71.45546460151672 498.0
71.56561660766602 522.0
71.6794810295105 514.0
71.79022240638733 506.0
71.90273666381836 515.0
72.01430249214172 508.0
72.12671709060669 506.0
72.24271893501282 513.0
72.35724639892578 510.0
72.46877217292786 507.0
72.58528184890747 519.0
72.69714069366455 500.0
72.80766749382019 513.0
72.92058634757996 515.0
73.03175401687622 501.0
73.1439757347107 514.0
73.25879001617432 506.0
73.36616587638855 507.0
73.47487139701843 519.0
73.58296203613281 507.0
73.69456958770752 507.0
73.80374813079834 520.0
73.92221212387085 503.0
74.03755331039429 514.0
74.15169072151184 515.0
74.26562356948853 503.0
74.37939953804016 524.0
74.4818184375763 505.0
74.58437085151672 505.0
74.6951367855072 522.0
74.80511093139648 510.0
74.92005372047424 506.0
75.03340482711792 518.0
75.14715027809143 511.0
75.25931978225708 511.0
75.36826252937317 518.0
75.47618651390076 507.0
75.5847578048706 519.0
75.69237089157104 523.0
75.80284714698792 506.0
75.91614747047424 529.0
76.02889347076416 505.0
76.14060282707214 514.0
76.25269603729248 519.0
76.36571550369263 499.0
76.48124861717224 524.0
76.59780240058899 516.0
76.71612882614136 502.0
76.8321316242218 525.0
76.94783997535706 515.0
77.06861543655396 488.0
77.17659091949463 534.0
77.28515219688416 516.0
77.3967957496643 508.0
77.50744605064392 523.0
77.61612224578857 499.0
77.7257969379425 529.0
77.83573722839355 514.0
77.947256565094 497.0
78.0574278831482 523.0
78.16619229316711 510.0
78.27766108512878 506.0
78.38682460784912 516.0
78.49766755104065 502.0
78.60816550254822 512.0
78.72705435752869 516.0
78.8375792503357 510.0
78.9502112865448 510.0
79.0640778541565 511.0
79.17712712287903 503.0
79.29038333892822 519.0
79.41364312171936 516.0
79.52859497070312 507.0
79.64485025405884 510.0
79.76244044303894 511.0
79.87832498550415 502.0
79.99324703216553 509.0
80.10189604759216 514.0
80.20990133285522 513.0
80.31548118591309 519.0
80.43293237686157 503.0
80.55073666572571 512.0
80.66635942459106 516.0
80.78014516830444 510.0
80.89456844329834 510.0
81.01075673103333 511.0
81.1279935836792 503.0
81.24521470069885 519.0
81.36527824401855 512.0
81.48454236984253 500.0
81.60668206214905 531.0
81.72069311141968 512.0
81.83536982536316 505.0
81.95077157020569 519.0
82.06619024276733 507.0
82.18579363822937 513.0
82.30090832710266 517.0
82.41484141349792 496.0
82.53314423561096 494.0
82.65143752098083 509.0
82.7700674533844 501.0
82.88704752922058 525.0
83.00749135017395 510.0
83.12488198280334 505.0
83.2454605102539 514.0
83.36384749412537 506.0
83.48227429389954 514.0
83.5991280078888 516.0
83.71847414970398 516.0
83.83974051475525 512.0
83.95978355407715 503.0
84.07828855514526 508.0
84.19695901870728 527.0
84.31239724159241 501.0
84.42798161506653 497.0
84.54330348968506 534.0
84.66327857971191 513.0
84.78313159942627 514.0
84.90882301330566 517.0
85.03262448310852 503.0
85.15658497810364 517.0
85.28012323379517 510.0
85.40072655677795 508.0
85.51939558982849 521.0
85.63964247703552 504.0
85.76014184951782 506.0
85.87885665893555 519.0
86.00155520439148 505.0
86.12267184257507 515.0
86.24419856071472 527.0
86.3664870262146 501.0
86.48864650726318 524.0
86.60759544372559 518.0
86.72810125350952 489.0
86.83667421340942 519.0
86.94692468643188 516.0
87.06647038459778 518.0
87.1873390674591 516.0
87.3047525882721 501.0
87.42644906044006 513.0
87.54653787612915 522.0
87.66655468940735 506.0
87.78684878349304 518.0
87.90864610671997 520.0
88.03126239776611 508.0
88.15086650848389 522.0
88.27274084091187 514.0
88.39404249191284 511.0
88.51545834541321 515.0
88.63387274742126 498.0
88.75936985015869 529.0
88.88834190368652 516.0
89.01084184646606 501.0
89.13695287704468 510.0
89.2559175491333 516.0
89.37252402305603 508.0
89.48974394798279 517.0
89.60634660720825 509.0
89.74402618408203 510.0
89.86430335044861 510.0
89.98079013824463 508.0
90.09648561477661 512.0
90.21303915977478 520.0
90.33070969581604 502.0
90.4458487033844 517.0
90.56277084350586 511.0
90.67933964729309 515.0
90.79641127586365 517.0
90.9182276725769 515.0
91.03802466392517 515.0
91.15584993362427 521.0
91.28191184997559 506.0
91.40785765647888 507.0
91.52989625930786 512.0
91.65166711807251 501.0
91.77480697631836 523.0
91.89525771141052 509.0
92.00591254234314 503.0
92.11761593818665 521.0
92.23041844367981 511.0
92.34104037284851 508.0
92.44872212409973 521.0
92.55666255950928 510.0
92.66634821891785 513.0
92.77599048614502 519.0
92.88616895675659 498.0
92.99893593788147 515.0
93.1114251613617 515.0
93.22180366516113 507.0
93.3322548866272 522.0
93.44085645675659 514.0
93.55211567878723 506.0
93.66347408294678 508.0
93.77216696739197 510.0
93.8817949295044 517.0
93.99038791656494 520.0
94.1067750453949 516.0
94.21774005889893 519.0
94.32878971099854 514.0
94.44045639038086 508.0
94.55073308944702 520.0
94.66097593307495 505.0
94.76878333091736 513.0
94.88682174682617 524.0
95.01462578773499 502.0
95.13322949409485 518.0
95.24140644073486 514.0
95.35022568702698 519.0
95.45937776565552 520.0
95.57023191452026 513.0
95.68147659301758 516.0
95.79091930389404 515.0
95.90129256248474 503.0
96.00869226455688 499.0
96.12137269973755 527.0
96.23158359527588 507.0
96.34240102767944 506.0
96.45490527153015 528.0
96.57045388221741 506.0
96.68262481689453 517.0
96.79388093948364 507.0
96.90763115882874 508.0
97.01997661590576 515.0
97.1321108341217 514.0
97.2482180595398 515.0
97.36906695365906 516.0
97.48285722732544 498.0
97.5964617729187 521.0
97.70864701271057 518.0
97.82029342651367 502.0
97.93119859695435 515.0
98.04317855834961 503.0
98.15433645248413 493.0
98.2702887058258 510.0
98.38489103317261 511.0
98.50001049041748 516.0
98.61399960517883 519.0
98.73115825653076 504.0
98.84336543083191 525.0
98.96017217636108 514.0
99.07495784759521 498.0
99.18489336967468 519.0
99.2935197353363 520.0
99.39963436126709 513.0
99.506911277771 520.0
99.61516571044922 510.0
99.72189259529114 507.0
99.83908534049988 519.0
99.95330715179443 510.0
100.06845760345459 521.0
100.18386387825012 520.0
100.29842042922974 505.0
100.41308259963989 513.0
100.52435421943665 509.0
100.64035987854004 506.0
100.75632953643799 515.0
100.86877465248108 524.0
100.98054385185242 502.0
101.09209203720093 524.0
101.20313310623169 496.0
101.31850790977478 506.0
101.43336820602417 513.0
101.54752707481384 504.0
101.66500806808472 519.0
101.77796339988708 513.0
101.89117741584778 495.0
102.0066728591919 522.0
102.12219977378845 509.0
102.24118876457214 507.0
102.35918402671814 518.0
102.47383856773376 516.0
102.58653903007507 519.0
102.70411396026611 521.0
102.81775975227356 498.0
102.934237241745 522.0
103.0484390258789 520.0
103.16433620452881 498.0
103.27814292907715 532.0
103.39564633369446 499.0
103.51455736160278 505.0
103.63540649414062 517.0
103.75236105918884 510.0
103.87496089935303 512.0
103.99236345291138 507.0
104.11129975318909 512.0
104.23089742660522 509.0
104.3490309715271 511.0
104.46668815612793 501.0
104.58711814880371 525.0
104.70216512680054 504.0
104.81691312789917 514.0
104.92998790740967 522.0
105.04467535018921 503.0
105.16149759292603 504.0
105.27527046203613 516.0
105.39030838012695 502.0
105.50536561012268 514.0
105.62307715415955 515.0
105.73841166496277 503.0
105.85195350646973 517.0
105.9642448425293 508.0
106.07445740699768 496.0
106.18962574005127 527.0
106.30376935005188 511.0
106.41937804222107 502.0
106.53804898262024 521.0
106.65566873550415 508.0
106.7732560634613 515.0
106.89015245437622 507.0
107.00734734535217 495.0
107.12102007865906 523.0
107.23431444168091 505.0
107.35127186775208 508.0
107.46794247627258 515.0
107.58400702476501 502.0
107.69898271560669 515.0
107.81498217582703 515.0
107.93008971214294 507.0
108.04637050628662 515.0
108.16663718223572 517.0
108.28056812286377 508.0
108.39431834220886 517.0
108.50980496406555 518.0
108.62397980690002 528.0
108.73833203315735 514.0
108.84735560417175 513.0
108.95825719833374 519.0
109.06463098526001 519.0
109.17032217979431 495.0
109.27704095840454 518.0
109.38414692878723 527.0
109.49011707305908 489.0
109.60641145706177 520.0
109.72293710708618 519.0
109.84366273880005 508.0
109.96490001678467 523.0
110.08393621444702 509.0
110.20320343971252 512.0
110.31935334205627 514.0
110.43625283241272 497.0
110.55254864692688 516.0
110.6707673072815 516.0
110.78719401359558 497.0
110.90574193000793 530.0
111.01482105255127 507.0
111.12328147888184 502.0
111.22982597351074 524.0
111.33772110939026 498.0
111.44565153121948 503.0
111.55513453483582 519.0
111.66447925567627 498.0
111.77724003791809 522.0
111.89508986473083 510.0
112.01164412498474 505.0
112.126944065094 520.0
112.23988938331604 504.0
112.35447716712952 503.0
112.47097969055176 527.0
112.58439087867737 509.0
112.70161128044128 516.0
112.81506276130676 507.0
112.93160319328308 508.0
113.0517225265503 522.0
113.16740131378174 512.0
113.280837059021 498.0
113.39421391487122 530.0
113.50901699066162 512.0
113.62352156639099 518.0
113.73932766914368 513.0
113.85488080978394 506.0
113.9750144481659 504.0
114.09624290466309 517.0
114.21517276763916 504.0
114.33020830154419 512.0
114.447594165802 513.0
114.56635642051697 502.0
114.6819634437561 521.0
114.79859113693237 515.0
114.91767191886902 503.0
115.03276586532593 518.0
115.1482675075531 513.0
115.26528358459473 526.0
115.38031911849976 523.0
115.49964952468872 501.0
115.61581802368164 523.0
115.73157286643982 520.0
115.8429925441742 507.0
115.95633220672607 531.0
116.07263088226318 502.0
116.18892741203308 504.0
116.30454850196838 526.0
116.41791772842407 516.0
116.53152084350586 509.0
116.64659404754639 512.0
116.76167941093445 501.0
116.88183379173279 515.0
117.00203537940979 513.0
117.12550759315491 504.0
117.2442193031311 524.0
117.35957741737366 517.0
117.47425508499146 515.0
117.58791828155518 522.0
117.70511960983276 502.0
117.81893634796143 514.0
117.93573927879333 521.0
118.0493175983429 498.0
118.16522264480591 516.0
118.2854676246643 517.0
118.39761543273926 505.0
118.50969433784485 515.0
118.61999344825745 509.0
118.73913288116455 519.0
118.8547432422638 522.0
118.96860384941101 501.0
119.08038020133972 512.0
119.19227576255798 515.0
119.30255270004272 501.0
119.41492533683777 517.0
119.52747082710266 517.0
119.63658380508423 503.0
119.74685716629028 516.0
119.85415530204773 506.0
119.96469902992249 517.0
120.07297372817993 524.0
120.1828064918518 505.0
120.29466986656189 527.0
120.40606093406677 520.0
120.53213095664978 494.0
120.65105867385864 513.0
120.78350639343262 513.0
120.90518403053284 499.0
121.02210783958435 525.0
121.13490343093872 509.0
121.25238609313965 506.0
121.36962866783142 519.0
121.4867296218872 502.0
121.60372567176819 507.0
121.72299480438232 524.0
121.8407232761383 501.0
121.96028256416321 526.0
122.07755899429321 516.0
122.19379377365112 484.0
122.30261325836182 518.0
122.40916109085083 520.0
122.51616072654724 508.0
122.62495398521423 515.0
122.73204731941223 515.0
122.83670806884766 503.0
122.94024682044983 517.0
123.04604768753052 504.0
123.15219807624817 524.0
123.25867438316345 518.0
123.3670859336853 501.0
123.474440574646 523.0
123.57846307754517 513.0
123.68343591690063 510.0
123.78767943382263 530.0
123.89938259124756 510.0
124.00960540771484 501.0
124.120285987854 511.0
124.2309467792511 500.0
124.34136295318604 520.0
124.4565098285675 520.0
124.56968927383423 499.0
124.68485569953918 525.0
124.80221939086914 510.0
124.9192807674408 503.0
125.03271389007568 522.0
125.14569902420044 509.0
125.25927591323853 501.0
125.36944770812988 519.0
125.4804196357727 508.0
125.59117102622986 512.0
125.70208954811096 519.0
125.81361413002014 499.0
125.92908000946045 520.0
126.04156827926636 497.0
126.14684700965881 491.0
126.26398372650146 531.0
126.38175916671753 509.0
126.49987435340881 502.0
126.61783981323242 513.0
126.733895778656 509.0
126.85368323326111 520.0
126.97401475906372 522.0
127.09510087966919 503.0
127.2149589061737 533.0
127.32419967651367 506.0
127.42885637283325 489.0
127.53526520729065 529.0
127.63902068138123 501.0
127.74517822265625 511.0
127.8555977344513 525.0
127.9639720916748 502.0
128.07326579093933 522.0
128.1766700744629 520.0
128.28081727027893 493.0
128.3874568939209 512.0
128.49322485923767 510.0
128.59807014465332 498.0
128.70597004890442 528.0
128.81010746955872 514.0
128.91304326057434 499.0
129.017480134964 527.0
129.12293219566345 496.0
129.2277328968048 508.0
129.33423113822937 525.0
129.45211815834045 509.0
129.57891154289246 530.0
129.69587588310242 522.0
129.81156134605408 499.0
129.92675948143005 529.0
130.04561281204224 507.0
130.16222953796387 507.0
130.2792935371399 515.0
130.39445972442627 495.0
130.50892519950867 505.0
130.6238133907318 512.0
130.74121809005737 501.0
130.85821056365967 524.0
130.97525143623352 509.0
131.0902614593506 501.0
131.20858764648438 516.0
131.32580256462097 512.0
131.4422106742859 500.0
131.55744171142578 521.0
131.67067909240723 496.0
131.7859959602356 513.0
131.90218210220337 526.0
132.01927495002747 498.0
132.13640785217285 516.0
132.25406408309937 514.0
132.36541056632996 500.0
132.47692966461182 515.0
132.58774089813232 500.0
132.70057129859924 510.0
132.81226921081543 520.0
132.92519402503967 503.0
133.03859186172485 521.0
133.15022444725037 520.0
133.26123476028442 491.0
133.37558674812317 531.0
133.49249482154846 509.0
133.60972785949707 502.0
133.72875475883484 527.0
133.84726452827454 509.0
133.96559309959412 511.0
134.08293175697327 513.0
134.20395421981812 495.0
134.3215320110321 514.0
134.440101146698 516.0
134.5587079524994 500.0
134.6762478351593 527.0
134.79563808441162 511.0
134.91567254066467 499.0
135.03175139427185 533.0
135.13802886009216 506.0
135.24514603614807 508.0
135.3504707813263 511.0
135.45389485359192 520.0
135.5598828792572 507.0
135.67697405815125 524.0
135.79140877723694 487.0
135.8958616256714 515.0
136.00253200531006 511.0
136.1126492023468 508.0
136.2206346988678 529.0
136.32491087913513 506.0
136.43487787246704 513.0
136.53945350646973 522.0
136.6454417705536 504.0
136.74940371513367 519.0
136.85579752922058 516.0
136.96266841888428 500.0
137.06884384155273 533.0
137.17363929748535 517.0
137.27793335914612 511.0
137.38237619400024 530.0
137.48582410812378 508.0
137.59086441993713 508.0
137.69748377799988 518.0
137.80559659004211 495.0
137.90991735458374 519.0
138.02360701560974 514.0
138.1377444267273 502.0
138.25388026237488 524.0
138.36913919448853 513.0
138.48256969451904 511.0
138.59823417663574 519.0
138.71579670906067 496.0
138.8296937942505 518.0
138.94595885276794 530.0
139.05990624427795 505.0
139.17597794532776 531.0
139.28967881202698 513.0
139.403165102005 509.0
139.51776266098022 529.0
139.63199543952942 512.0
139.7472894191742 511.0
139.86165356636047 517.0
139.97683763504028 505.0
140.09222316741943 513.0
140.20824933052063 513.0
140.3283998966217 503.0
140.44186091423035 522.0
140.55882143974304 520.0
140.6728000640869 496.0
140.78635048866272 524.0
140.90328288078308 502.0
141.01931858062744 498.0
141.13662958145142 525.0
141.25148725509644 511.0
141.36421012878418 509.0
141.47803950309753 521.0
141.59121251106262 502.0
141.70637392997742 511.0
141.82179164886475 512.0
141.93804383277893 508.0
142.051602602005 515.0
142.16572880744934 514.0
142.27509021759033 496.0
142.42414212226868 511.0
142.54441142082214 501.0
142.6492462158203 520.0
142.7622208595276 521.0
142.87684202194214 493.0
142.98723936080933 534.0
143.08630180358887 513.0
143.19064807891846 496.0
143.293306350708 524.0
143.39554977416992 507.0
143.4973886013031 506.0
143.59877800941467 514.0
143.70139813423157 510.0
143.80410480499268 509.0
143.90751910209656 523.0
144.00776195526123 503.0
144.10834074020386 518.0
144.2082109451294 518.0
144.30907773971558 493.0
144.40957117080688 527.0
144.51154923439026 515.0
144.61256003379822 500.0
144.7171130180359 519.0
144.81702399253845 506.0
144.9172008037567 502.0
145.01706051826477 516.0
145.1289553642273 513.0
145.24244809150696 516.0
145.35860204696655 512.0
145.47018003463745 507.0
145.58284258842468 530.0
145.69691276550293 500.0
145.81248927116394 497.0
